0.685311013
0.006557526
0.236991227
0.880685832
0.890851805
0.820751503
0.415810537
0.676897503
0.818739432
0.581552174
0.475702711
0.077073559
0.92414067
0.263461948
0.598059727
0.856506645
0.437120301
0.361560534
0.838697651
0.384369432
0.958902998
0.856444645
0.442648868
0.397345037
0.619698303
0.921333648
0.823146878
0.116884107
0.824064369
0.962640389
0.174647162
0.27025707
0.658652356
0.876872513
0.94331561
0.042925614
0.177367977
0.149315358
0.430086613
0.525030707
0.746280181
0.833631794
0.70115283
0.30392332
0.045770696
0.794956539
0.44353166
0.025273208
0.71614375
0.922114668
0.436061466
0.089883639
0.096603182
0.000497573
0.511836398
0.347180233
0.531895558
0.733540412
0.950395788
0.549764881
0.273436528
0.585597485
0.990971185
0.896990378
0.08023659
0.178590124
0.340915942
0.052349631
0.137635679
0.044556946
0.814930672
0.031033147
0.369594891
0.318641226
0.936750881
0.119923496
0.192621653
0.225716448
0.623180143
0.013814546
0.107198539
0.254141408
0.469104569
0.104505362
0.132507246
0.675425004
0.863137374
0.099629128
0.848607092
0.918869436
0.05993546
0.016586059
0.361435952
0.413484634
0.622834019
0.203361917
0.858219814
0.821819724
0.295608018
0.216800846
0.265951848
0.249615584
0.777983924
0.026115419
0.536363053
0.638630914
0.050532752
0.809512319
0.300702234
0.489722605
0.339225198
0.987369676
0.365594949
0.001794504
0.538844593
0.173922494
0.178881043
0.359250883
0.369265586
0.884536007
0.21015289
0.725423639
0.427895687
0.41125448
0.670496496
0.835797232
0.346537445
0.134040147
0.641453295
0.966247538
0.866953864
0.416245291
0.775601853
0.346996229
0.049256736
0.579204442
0.476343918
0.152328014
0.530671469
0.22451464
0.29019231
0.695137934
0.21050106
0.448002984
0.522283221
0.870138077
0.960922468
0.055575978
0.85417066
0.628531616
0.106724123
0.832275327
0.462638343
0.154111463
0.852587861
0.355420234
0.866578113
0.822936592
0.774850949
0.86747708
0.71307053
0.980073372
0.409056202
0.543673344
0.897681988
0.816177143
0.314209624
0.953474666
0.520397335
0.646792198
0.215325385
0.601728863
0.09210058
0.117368576
0.400025956
0.845209152
0.755285178
0.130334513
0.89822552
0.859328071
0.604661573
0.008157479
0.292704931
0.224844409
0.364890451
0.845261562
0.604632263
0.971777945
0.02249858
0.69927162
0.390207368
0.703484146
0.524360013
0.000939432
0.527301854
0.837425886
0.731558913
0.851220954
0.336871172
0.093418206
0.191574876
0.364006433
0.418894328
0.971912439
0.118450087
0.052709322
0.56916103
0.305505502
0.454041599
0.136499889
0.072066187
0.773127035
0.244932668
0.122968838
0.537038345
0.264375997
0.212950983
0.119379534
0.262266503
0.866808731
0.975805228
0.656963662
0.220402436
0.471800914
0.026021865
0.120602751
0.11434904
0.753141529
0.770904631
0.456897221
0.78795589
0.380381741
0.103260554
0.509868313
0.813435548
0.602034682
0.31999666
0.302089755
0.433104474
0.637412444
0.870552357
0.831137867
0.15296831
0.755951007
0.897422741
0.671979136
0.573141153
0.28358282
0.309608816
0.290584224
0.708819213
0.72542822
0.510037091
0.133858429
0.112190012
0.348292408
0.315153541
0.723935557
0.851810751
0.301193831
0.585814024
0.782405198
0.050030081
0.60222941
0.502076804
0.314622761
0.973875019
0.945552959
0.780518937
0.675638024
0.064164448
0.561690729
0.875611169
0.211787346
0.000740186
0.493838256
0.555031526
0.918896601
0.747988969
0.008288773
0.410777165
0.169254116
0.961136479
0.904983727
0.953997953
0.230514504
0.598474085
0.611053216
0.349892581
0.017082676
0.105653334
0.909260009
0.365386325
0.92330092
0.86869215
0.843546164
0.997278056
0.85424484
0.834287984
0.017551436
0.01497721
0.675795186
0.711327682
0.870544241
0.968575546
0.521524097
0.409940957
0.617581785
0.905032427
0.508323337
0.041733025
0.60337475
0.62325517
0.79769063
0.20263041
0.566459687
0.747335056
0.36932071
0.124625452
0.180731545
0.384915522
0.182148915
0.534658662
0.386849277
0.938373134
0.9976069
0.086183121
0.467189389
0.382431914
0.868357712
0.922301526
0.905088547
0.105676809
0.176485862
0.508416368
0.666960937
0.271119658
0.96286356
0.786897626
0.296496627
0.374225761
0.031018916
0.835457199
0.498201044
0.999971578
0.938730788
0.61807532
0.709168757
0.468632041
0.918465667
0.894260869
0.971555036
0.049979019
0.165049878
0.052145823
0.920528106
0.481190873
0.105483631
0.165579256
0.435821659
0.899179539
0.288366149
0.315305053
0.785770544
0.598322295
0.832706537
0.773469758
0.287609882
0.552578607
0.544362016
0.463490839
0.906878798
0.594079651
0.403199522
0.671318237
0.609155603
0.729447101
0.382286083
0.76442102
0.384098736
0.70369439
0.592212191
0.279207681
0.424616332
0.431564109
0.306110801
0.926600393
0.538018747
0.961385296
0.423018727
0.070569951
0.272747575
0.59976776
0.631975756
0.412338367
0.256471804
0.844285253
0.665722553
0.316325809
0.868635021
0.949187077
0.569892697
0.850705234
0.150295433
0.019462582
0.210556385
0.471893448
0.645401524
0.28622013
0.371586526
0.972913475
0.914727991
0.393536306
0.690822727
0.620059906
0.718952794
0.77652474
0.023510162
0.617796746
0.927554433
0.453178038
0.506250037
0.243531392
0.81775439
0.214398021
0.753365182
0.93487618
0.189607971
0.336031938
0.034216972
0.796753108
0.285828398
0.283606314
0.863954746
0.545290345
0.898096616
0.905224581
0.546981352
0.008745622
0.72374504
0.141068504
0.151371162
0.632604911
0.171805379
0.210821746
0.498014419
0.098298731
0.056542297
0.933316606
0.127593853
0.038143965
0.969020259
0.841792148
0.491170401
0.555817233
0.875915826
0.507726079
0.159666406
0.118328807
0.901423283
0.167715057
0.884374669
0.198632451
0.026424026
0.368534698
0.290682302
0.04695759
0.439476993
0.252368374
0.307269306
0.51281169
0.086428419
0.767237221
0.008491171
0.805983471
0.447201846
0.334555283
0.710543001
0.943316616
0.509913031
0.768872371
0.222862215
0.131798235
0.506087329
0.349901324
0.083946886
0.861488813
0.119148323
0.441418224
0.630813754
0.48040687
0.307563572
0.209701079
0.465683801
0.433779782
0.362582042
0.205737869
0.202432228
0.610697548
0.263283377
0.224336733
0.879318457
0.855305181
0.513240677
0.113271121
0.722741654
0.018785508
0.924174009
0.697478754
0.067004903
0.225745595
0.774998091
0.099242163
0.237718441
0.427922664
0.811939539
0.341201491
0.659380505
0.861932125
0.100685296
0.064371637
0.393851991
0.622527773
0.110247481
0.003321051
0.213210115
0.491806902
0.542133737
0.387577008
0.230062385
0.431989475
0.837722864
0.518241126
0.275777028
0.943846306
0.082884157
0.276185804
0.268987558
0.484142987
0.766896004
0.786088609
0.667106091
0.131198909
0.261451316
0.500656047
0.787795738
0.055068829
0.088281624
0.436790571
0.258741008
0.596512462
0.879479918
0.163062013
0.544974371
0.35782449
0.028404547
0.895761732
0.225216293
0.999295464
0.199584204
0.909202502
0.644826528
0.155619029
0.418139466
0.965503086
0.448580536
0.980853649
0.743022544
0.254657055
0.203504535
0.738303567
0.043645073
0.61237673
0.797811323
0.768264199
0.249475209
0.901929207
0.31204803
0.106486971
0.722199746
0.139951813
0.379769685
0.722840789
0.932901046
0.806900654
0.53210201
0.87422943
0.695605317
0.752897692
0.9001749
0.376536228
0.202476199
0.998379424
0.942228702
0.845533496
0.680789237
0.313002617
0.022083015
0.080749369
0.082127595
0.966860381
0.722400452
0.232982365
0.905304983
0.060539534
0.845999336
0.471996322
0.069789468
0.256415889
0.605858096
0.794430001
0.53394426
0.840304224
0.627451387
0.499661778
0.929851734
0.330086873
0.377542706
0.813509558
0.441446599
0.554468212
0.189700078
0.453836454
0.878388877
0.159338502
0.457533343
0.772883392
0.942047163
0.745517483
0.406961527
0.891697178
0.146429261
0.02508064
0.239149167
0.588631672
0.077179866
0.974032861
0.520021404
0.063629133
0.910541412
0.782275724
0.184032296
0.934857907
0.799007921
0.983654756
0.165200824
0.773763093
0.584268406
0.253966226
0.278355665
0.563093337
0.965273436
0.955470889
0.202890578
0.596007408
0.993295536
0.289468564
0.084449197
0.404188862
0.856804899
0.611884214
0.050073415
0.642935388
0.80248337
0.983176144
0.545234618
0.516443154
0.395974391
0.225237931
0.180420012
0.319489713
0.106877241
0.989707387
0.160852821
0.944074107
0.208679532
0.234395411
0.103682229
0.355486051
0.424898881
0.54866696
0.534253137
0.448809397
0.350146237
0.557577411
0.888379356
0.515962478
0.567201554
0.78152697
0.299906029
0.328977871
0.590037354
0.610375331
0.661167906
0.481273217
0.916631793
0.033807834
0.210566138
0.292007133
0.04679504
0.298825159
0.458903523
0.36629087
0.106173705
0.826324125
0.540072046
0.680054115
0.797378352
0.190191546
0.277452639
0.941318562
0.026743989
0.967281186
0.681830924
0.828301636
0.664816114
0.467046145
0.787957513
0.416470187
0.24597946
0.382948152
0.076552312
0.456313647
0.814087292
0.843811204
0.459144731
0.290385655
0.730595539
0.85361451
0.346280577
0.439313771
0.391373278
0.236431201
0.984170763
0.387495982
0.73405571
0.718247643
0.241791704
0.667747599
0.762208743
0.460215725
0.965302037
0.090541238
0.688601501
0.640671498
0.949794491
0.711572159
0.485510335
0.23260312
0.657645004
0.107596385
0.868452443
0.152521901
0.529440526
0.933497314
0.795295444
0.139724546
0.853628992
0.389359268
0.044345737
0.350687707
0.127904051
0.666973534
0.580054898
0.609149862
0.337325285
0.54014272
0.596045568
0.692642523
0.694227215
0.26763515
0.355480494
0.621382433
0.354523677
0.761805613
0.359326281
0.015216907
0.537152702
0.797739637
0.855776255
0.280122742
0.816357199
0.700916507
0.596289893
0.768967984
0.962717239
0.69458867
0.731601386
0.805488403
0.338791002
0.891234937
0.8381267
0.783763404
0.778962365
0.854335963
0.723063222
0.106072275
0.889032327
0.814360138
0.864916648
0.425875511
0.801920675
0.505653608
0.980356963
0.791301974
0.225817666
0.99473117
0.215759084
0.343966427
0.165953482
0.807214903
0.489783517
0.09901233
0.612007857
0.681722644
0.744287024
0.535666304
0.403353379
0.682746331
0.106110633
0.284584181
0.008197622
0.552737282
0.131055496
0.023596755
0.59976098
0.947556141
0.565569241
0.114308712
0.171256366
0.344931046
0.364108007
0.291328076
0.074039735
0.307561356
0.97638861
0.623856021
0.066996421
0.693061787
0.338653052
0.68575926
0.197263001
0.657977536
0.766865772
0.387866688
0.204104212
0.16921304
0.82899103
0.961302533
0.798453577
0.329786837
0.51774629
0.19926708
0.470940774
0.657243966
0.139984924
0.674380978
0.417238735
0.520451627
0.269399675
0.804210243
0.586632329
0.103731746
0.464659216
0.472010941
0.290188295
0.206577816
0.429417763
0.082180381
0.718124464
0.502648155
0.442481419
0.48775029
0.18725034
0.377324888
0.843949228
0.424067656
0.707443934
0.258358513
0.854488341
0.579288105
0.175459906
0.960253373
0.459157813
0.836183716
0.221110799
0.404100586
0.196991584
0.448297533
0.317538528
0.421079556
0.379828086
0.829471195
0.056332122
0.672727328
0.174588589
0.424130162
0.033553666
0.752648078
0.158046227
0.243759301
0.033683941
0.792468276
0.888684697
0.529770328
0.77700669
0.96847585
0.949792045
0.803934671
0.999727298
0.131640304
0.655434734
0.001123403
0.784279423
0.162581742
0.323958206
0.797476033
0.970215057
0.628694062
0.191754697
0.17363297
0.000206728
0.219732244
0.303636234
0.965240431
0.508157485
0.047565017
0.556385867
0.177381098
0.399669736
0.56684448
0.903955581
0.30133303
0.986277062
0.052735038
0.460727786
0.000736053
0.903019269
0.672762276
0.687858728
0.436284078
0.59093584
0.428275901
0.257910913
0.960584767
0.211102762
0.137247911
0.159161234
0.999344889
0.943636468
0.097717185
0.915178659
0.36036568
0.871351503
0.776813696
0.195768852
0.800151048
0.43209712
0.503165803
0.475406447
0.837296741
0.363172917
0.693342991
0.269371199
0.202477354
0.564605276
0.562015535
0.715600401
0.358866869
0.340109358
0.463468998
0.867673587
0.356157735
0.697272374
0.440950966
0.347706216
0.4254442
0.100474218
0.872421156
0.996841724
0.991646131
0.829590511
0.028133057
0.805068868
0.009510841
0.37456631
0.319165683
0.202276295
0.066274014
0.566361407
0.651691095
0.906580767
0.826324152
0.306581945
0.893345866
0.427716135
0.423791082
0.073184955
