33.3094552
87.98346972
74.22471553
82.25467382
29.05818739
74.02461346
53.60230188
66.79391832
46.42135742
47.35213332
42.53686368
64.38748733
52.87666358
78.83204034
83.42255592
75.59003177
56.65314199
76.75358625
44.42313593
22.81877018
64.17617892
63.69911504
41.85546453
31.6685118
6.138011079
65.2816871
25.99218796
54.77307093
75.31079795
57.91538747
79.5432311
58.33074545
81.26667481
27.33420114
84.96053095
76.2993589
49.84746942
56.12709032
44.57097833
78.52042668
23.34862162
42.40855015
68.48133646
95.93914622
73.83577301
37.87851752
50.02052072
76.79397363
59.38237161
49.07273237
53.24997441
68.33865575
36.19383639
33.24845757
76.2825662
46.97112068
46.65406681
37.74409747
78.45221943
52.48802533
59.24719873
1.917086369
44.53723313
75.09480122
67.77711682
54.29156906
80.31270019
44.47520465
80.04710637
83.8252234
57.88166297
46.28691638
74.37049819
79.1925054
65.38171773
38.17285906
30.18347552
40.57304426
73.98230427
53.3156364
55.20908808
64.92493652
53.61277294
34.51310383
50.11490782
48.10230021
74.80498329
61.8568382
14.63229719
18.91170884
20.9994515
88.96119271
77.15031532
70.17946418
37.55519291
55.63447034
87.67915309
49.19213274
50.66569483
94.20664133
28.21811283
80.07076286
70.23640222
58.82082163
74.69552861
55.63492083
83.92574387
66.63713327
76.41108659
59.37597587
62.67712443
72.18198898
77.4056843
44.1199461
57.28384009
9.283702918
76.55831281
36.38466179
47.95715486
76.59454779
68.96491769
81.72086832
46.41631423
49.48997231
89.95276439
62.29326219
13.43347027
91.5010316
58.29547493
75.48436363
78.13804432
88.50688514
62.28410014
31.32723287
82.41717654
88.56212852
63.38622813
51.05507091
88.34879021
55.63494379
73.15842637
69.06665202
81.5454068
17.31021048
45.12656409
76.59992129
38.54920946
78.61824325
79.69542262
78.42688968
52.21448573
48.60250222
82.30806118
57.64952992
85.47430747
93.97799477
70.21077804
59.50010986
32.5925483
59.00785974
83.34834564
83.81628005
38.35855076
85.5125354
86.79971951
21.34731592
40.73868439
63.43109196
36.92172201
71.54956184
15.10796666
69.46618902
51.99454209
12.2380504
55.75718097
62.31788243
15.71966777
53.81733815
83.63631611
71.62692048
51.33508586
70.00745166
44.17290875
67.13377621
62.40010966
68.07790339
55.62303586
27.0050634
35.29448937
91.99409884
72.49750651
67.93064747
32.31450607
29.63217643
72.06754785
48.06080552
24.92452139
16.77941342
56.68750179
87.88044919
26.16099896
54.74621502
69.97077627
68.49261893
67.99677342
42.16982677
89.98825194
55.44990411
74.47765331
57.66536996
52.53508213
68.67418658
53.53106822
15.40413594
23.71356976
70.77172643
45.39674481
88.3413711
23.94525533
49.63715958
35.47908982
88.82489517
76.55638513
84.99484756
39.25597398
35.65587408
81.04973564
16.94763419
72.84778694
28.12598651
53.3622898
35.13847458
64.61172973
17.89228168
73.95737886
71.60248207
68.51282595
43.91168769
40.47627309
62.70475348
23.51765824
74.39404114
48.3708778
41.9718107
88.68741233
52.16311969
39.00685692
91.13389507
79.76456671
78.90644478
35.93352513
61.91422558
37.7812878
40.11005261
57.60032109
87.37543136
71.52974404
35.76625133
87.52235398
65.10809649
83.60840964
29.9107251
35.95877638
89.84192557
68.39850937
54.38999674
67.33830867
68.96318818
79.14450265
71.45223334
67.54055653
90.17479299
56.84243559
85.79847786
85.06091124
65.36626
11.81702607
84.5455935
80.02738846
71.26831903
52.29381149
84.57046307
16.46286344
43.60476859
34.04592817
27.07781234
20.74590489
79.62691679
43.64344384
56.28331115
29.19479601
58.4768225
40.40590802
29.93747236
33.19265938
70.85407406
82.65653441
78.37559267
90.06253169
76.19445853
95.90642465
37.68201702
63.27274508
56.32200006
58.06035774
59.10120474
76.43037495
23.74947517
67.27365928
84.50315162
86.65292107
26.63182292
48.85469773
24.54378421
85.70556983
77.69504177
84.46781911
63.79745203
58.72320815
97.3990003
91.03651056
63.81748314
63.34465751
87.72537146
55.61487273
38.56184974
73.805839
83.75671742
60.49269275
26.40098688
75.96808741
76.01711373
69.34323807
90.71075669
81.56962676
68.65024838
30.8329157
69.09327981
83.64473293
52.25256247
70.79704286
38.64278568
85.42216746
55.14273453
89.55099764
32.41104127
48.93288673
58.35435688
37.41740152
79.07396285
63.39183046
85.90252474
92.07530827
75.90630063
73.42037634
62.36478744
80.50986062
75.03518631
81.81780713
56.73544582
57.81359657
66.03507574
92.48385138
50.22356867
39.39713713
96.15776014
91.16437254
77.28526479
6.119332207
59.69466114
52.09741809
55.93153131
4.706994331
90.06571207
88.74796354
63.78365542
47.3093279
80.07782067
76.06050319
83.22289311
43.58328186
26.24918
37.3257647
70.80951803
55.11090988
98.0864801
45.83800051
76.63215441
22.16086518
79.15568273
67.47205224
73.23260218
65.92498546
74.35159368
39.33013907
73.7992885
41.81593594
81.79277974
72.91900311
79.74008899
61.60580349
87.19087978
32.66896661
70.12169902
61.88329867
58.63311754
3.878335627
78.69356834
4.211595896
41.29392693
57.48037244
18.89299576
73.80752267
83.75137466
46.03715363
63.4138109
68.16008736
46.66957053
62.37526743
9.229309994
49.30295269
42.47453634
65.37849993
69.55384582
42.3659579
77.59194646
71.42759495
50.93269605
42.88385932
92.77811052
38.64733207
47.45441984
64.91704435
74.72752336
11.35645229
62.94827102
82.58240365
52.1541418
55.47395044
41.38650938
26.87473699
74.69587492
83.2856369
61.01385055
61.73698264
74.25858466
89.13524506
8.303541644
42.33335166
69.79366654
32.63637388
52.93593367
82.8139385
44.75594798
50.84458999
78.26627957
69.29228839
30.79631395
30.85599684
78.76779624
76.48822068
19.98367475
60.92688075
14.9192795
94.33910458
39.86243084
56.32900836
95.29413317
78.20801379
67.79692971
96.89671191
86.04932141
27.18654941
86.69598168
75.36911695
85.25014164
64.8666091
48.23420637
22.66924557
9.659735735
66.7316673
54.48713543
57.97603027
77.39082081
92.36581064
47.41722059
73.31380345
64.09884069
26.70893845
65.8011192
88.08389008
78.85327278
67.20967481
30.11160771
84.57619961
79.01291809
71.93269506
56.50441165
45.42085344
76.48143223
78.03699977
77.79095272
78.95314127
82.32180564
89.13188558
81.60191772
82.62885752
52.12086151
58.13892585
66.61353386
49.25868364
73.58617069
53.84123184
72.80529145
53.95951451
90.29913609
86.80265231
97.97838184
9.989398521
46.36134099
85.35332536
39.20770039
35.6497702
41.74606375
79.95266258
80.21459713
68.84944861
71.00225656
44.01022003
56.99675413
81.57128806
91.02142444
82.21010843
82.38031213
83.30414374
53.08148253
77.24885064
23.15870823
60.06919607
32.21321123
42.94407056
86.93516225
57.33267242
88.28716938
67.33487459
75.3501617
91.65660305
69.7827138
24.0884325
25.39864238
30.7372522
79.18335482
82.50675343
68.89448426
70.72939025
83.59630025
79.74482518
95.53478322
63.69585547
31.83242602
62.28197386
39.45426659
66.53505135
69.90588661
47.98284
72.35968445
58.63779833
62.18047367
78.01226787
53.57211142
51.86924136
68.8116845
48.64599404
80.11565776
61.82293478
64.49151333
23.7604335
52.09037165
77.41633126
50.32553807
64.81979535
88.1742221
18.20536256
87.40817695
34.48559294
88.44742679
67.02960548
29.49600002
36.30971677
20.74182296
75.78955971
70.07700154
81.04506983
73.9067663
64.67887599
34.21779762
20.66004766
55.45310746
50.0124404
87.45469907
59.92161254
66.6459931
20.09846536
68.64777286
69.12359737
60.98052965
86.3234792
80.98505777
39.74691652
77.37617686
52.40430438
34.10862487
79.22550724
32.28012159
42.6928821
76.73653273
60.5813671
57.0691964
68.88226174
53.94670964
72.11419385
5.877827679
27.6329918
50.65559486
65.58652559
55.58186918
88.74264466
60.01332013
78.98307538
42.04008169
59.63945742
55.38826084
54.96487245
84.07446426
93.06197216
70.53982996
34.00141926
52.48896079
41.97705225
40.6688445
90.06635107
61.33799501
72.12596179
91.77789324
77.94629887
60.61194763
3.653232757
12.4253448
49.30794211
43.20753806
14.66825013
82.64046327
49.88912916
61.91011973
85.61213397
43.84457604
19.18949657
81.75295822
53.50486383
59.57868563
22.84278606
88.16534553
41.10955431
55.17808003
72.21973858
36.91732681
17.99956203
65.33299197
15.8388548
34.97018267
69.3352257
63.41591562
20.25959787
58.98050592
18.62171324
82.03449816
54.85174028
54.76524763
90.64050513
59.04652955
50.39104916
70.74847337
82.49556152
39.73719079
48.86569941
89.84762325
59.38524361
87.92429677
76.85379542
45.70738399
35.24149347
30.16103463
65.94925171
42.17924314
75.42455861
77.34748115
49.1548388
83.29646053
39.31152818
87.62786739
61.09603206
43.03726213
64.26511582
28.24537746
17.91002109
76.20683612
94.75052505
40.33365557
77.64898875
44.33340792
57.39229003
55.34682317
35.01447608
53.48174618
93.4312972
31.28681701
80.25324515
13.35033559
26.5451816
47.42160373
87.25850722
34.32195783
78.49528119
79.89969463
62.27898193
43.51747107
75.20202412
84.63851229
52.11848994
73.41095231
38.33604914
82.77580426
88.33115911
8.974455784
86.77908498
80.5119777
75.23453374
95.19425106
63.09058442
65.68959009
57.00052301
17.33734224
48.97392151
55.47599564
76.74801324
61.91513348
56.15904983
60.20988287
76.7453178
72.22109848
54.32649341
22.29988268
91.05208052
63.55534722
41.67208529
87.06929416
37.85127855
73.09320796
25.68919432
64.24216036
43.55981546
85.33593757
86.08043924
67.14268847
84.21592211
51.68516833
30.41208645
32.43757958
74.92813678
71.40417701
61.65896724
36.94389159
87.82754398
94.46814235
50.1410172
51.13265055
73.6731642
13.04513582
51.39680278
63.61139655
66.24758367
79.9935163
83.86027062
88.57754994
35.87918038
82.78791239
44.91962729
40.7506011
16.90009443
44.56726653
80.30022957
47.53933563
54.45347327
88.57152528
70.26219149
62.84911011
65.03544534
84.79555506
62.19355383
62.56149486
18.92359319
41.13557466
73.94523721
82.87239138
11.6520207
59.92255306
26.31905483
87.06726681
44.66828036
75.46396203
59.24515196
87.6650905
39.1599926
58.27168403
38.01815936
39.2916141
64.47259023
36.88610881
67.22188646
92.1930368
77.38342071
44.03458992
49.62358595
43.1220036
36.30129899
80.64852526
60.69116131
75.21268105
71.05244194
47.09987244
74.08994014
17.91716048
43.31348982
86.30587594
87.16667713
42.68486979
51.12329008
70.55816007
60.13719854
79.92804763
60.81148646
78.31219766
26.68912539
30.06284
62.10553811
60.1184744
82.62434519
74.61927489
42.63460402
71.57440908
77.69167578
83.3916813
34.22980828
42.2720904
48.37360492
19.82009069
35.64648805
85.5517147
50.74211597
73.21028887
33.66734881
30.38544532
90.99472664
49.95493801
50.76211329
35.26816084
79.11656936
78.21641919
78.79210967
70.04612193
62.2031869
71.90572305
68.03512255
54.02257856
57.97791265
47.59366105
82.91389055
68.33237145
87.63273446
74.63298868
87.93117556
6.353365999
17.21058346
59.19729803
73.90855919
63.88785093
82.65837921
13.81116657
28.80108626
32.8576712
70.82565307
17.88507291
37.98484784
71.45567314
46.61066641
72.01660363
69.29643922
43.76301484
39.90631703
25.88347794
66.64718597
43.00204267
36.52639679
83.06925525
45.12768
83.17721309
83.18641377
63.99209796
19.32906389
66.03019301
55.27673893
74.55658627
64.77147777
67.81884659
60.56622108
78.78369146
17.34507527
55.71827657
29.97393328
51.91540099
75.6549293
88.16226728
96.45672898
39.29883701
74.25427529
76.96184393
92.41514156
76.01809093
74.52412623
27.58450737
29.81860354
57.87978237
51.89958836
45.00031564
30.64271033
78.13751159
60.47776848
50.85860161
76.5457642
74.46534934
65.71468295
70.90144604
83.62449287
38.87031049
27.32101619
61.77542107
62.46898865
71.51755943
27.25206368
67.57118649
66.1834978
79.3455896
90.55481934
60.35800973
51.08405226
66.73838988
24.85792508
25.80315646
81.45383025
47.28479956
61.49253244
23.2400649
61.37860102
61.25897438
60.88394641
78.26600043
81.87050126
22.00691729
71.43439239
74.83671432
77.80292449
54.01208969
53.96378435
89.43493912
75.65896615
67.9583173
76.55364947
78.67897177
85.69464711
54.55268342
39.2406583
74.974978
7.216020322
79.18055466
95.42421723
57.55517972
23.66583502
42.6739796
87.79803586
62.8239999
66.30116361
32.5575804
64.44947601
66.02952291
70.74491946
77.68729433
66.84761947
50.90416487
56.95528002
