0.740847257
0.518667466
0.733351039
0.847111272
1.118029005
0.767777949
1.297354916
0.694830544
1.179307232
1.038897014
1.142402454
0.920673523
0.789306299
0.679168502
0.860636264
0.775831914
0.591772848
1.173499791
0.602110053
0.588291683
1.113278263
0.806590091
0.991993485
0.818614054
0.970429675
0.7001271
1.016975277
0.837498523
0.68212327
1.374331998
0.827398241
0.694665534
1.492167034
0.509843061
0.678681482
1.003712208
1.228531836
1.119753615
1.356420483
1.245298686
1.232241233
0.537233439
0.728474383
0.784817913
1.004804485
0.608650866
0.54855098
1.071740773
0.604451944
