7.261208550067800305e-01
1.570382887431008290e-01
3.672573137100288987e-01
2.607897358131787691e-01
8.565744180438827904e-01
8.405035546480779107e-01
5.012418688372760611e-01
8.161648281807347693e-01
7.020867582521839179e-01
8.282207621985462342e-01
2.687029813698620928e-01
5.281739828185275654e-01
3.000781168097085283e-01
1.383687802161652769e-01
4.146162672849300068e-01
3.529373459106742716e-01
5.487318833092224013e-01
4.666512772962384537e-01
1.228162436375182104e-01
3.023677814602525049e-01
5.029360647265759265e-01
5.231064865992047785e-01
8.298599198952137934e-01
4.673486981229110215e-01
2.147957000386140625e-01
5.505841694721749224e-01
4.596241800663201649e-01
8.073287310282508678e-01
4.424804153878790780e-01
8.051134004044455672e-01
